267235620869299
289662843861499
1442196196933099
1171098372727769
276346476066007
303113384828791
2051694281188031
1361304414614689
1137573989395423
217008268731623
1356303821096321
251230002249799
299908452675173
280487717502043
1137785118434717
227820262960267
286359859354661
1029161090398981
272037609717541
1207600384391189
654216304755547
3275354409217001
206615671404223
286251352724591
227895286372261
1554834905767471
229774297750213
1477818372477787
1056601085114357
2899515601430197
1164355866811427
2334418900126267
1207457802832051
1104194578181203
346406097515923
1292678767841077
224716105504049
1171075736119073
1164581396753659
261092827763293
654342122179673
1207484423295383
827217077875849
1014503597664379
350098569929497
280687176291563
240031199593751
1056568720472087
301463506236911
2057985045113729
2787621730939163
301317101813531
261191751928721
280742949128443
1029026621586617
702030673085771
1029056135813471
277268067213043
314685403509121
1435494381637301
1442038398024979
201348593063831
277092331666889
234623608506289
206742748915943
778362958710017
223479798776123
303001692897403
271986202715399
314522393370583
314613246556963
998192126965639
2700470601814571
276520565611861
310607220481631
